analyze_tautau_test exists, removing file
dy sample analysis.....
All files added.
Initializing chain.
from Init MC
****************** dyjet sample found
.... MC file ..... 
Coming in: 
nentries:11160
Running over 10000 events.
Finished entry 0/9999

	rv_sf = 	0.50911	
1.00191	0.93004	0.849706	1	0.961329	0.971407	0.688556	0.891652	
0	
0.863561	0.804924	0.93004	0.960606	1	0.688556	0.891652	
1.00191	0.93004	

	rv_sf = 	0.50911	
1.00191	0.93004	0.849706	1	0.961329	0.971407	0.688556	0.891652	
0	
0.863561	0.804924	0.93004	0.960606	1	0.688556	0.891652	
1.00191	0.93004	

	rv_sf = 	0.405201	
0.93004	1.00191	0.856536	1	1.00153	0.921311	0.550205	0.891652	
0	
0.942022	0.833748	1.00191	0.872753	1	0.550205	0.891652	
0.93004	1.00191	

	rv_sf = 	0.405201	
0.93004	1.00191	0.856536	1	1.00153	0.921311	0.550205	0.891652	
0	
0.942022	0.833748	1.00191	0.872753	1	0.550205	0.891652	
0.93004	1.00191	

	rv_sf = 	0.379867	
1.00191	0.875207	0.744594	1	0.954542	0.92383	0.659761	0.996057	
0	
0.863561	0.806953	0.875207	0.850845	1	0.659761	0.996057	
1.00191	0.875207	

	rv_sf = 	0.379867	
1.00191	0.875207	0.744594	1	0.954542	0.92383	0.659761	0.996057	
0	
0.863561	0.806953	0.875207	0.850845	1	0.659761	0.996057	
1.00191	0.875207	

	rv_sf = 	0.427134	
1.00191	1.00191	0.766228	1	0.943623	0.921396	0.638711	1.09818	
0	
0.863561	0.831569	1.00191	0.872422	1	0.638711	1.09818	
1.00191	1.00191	

	rv_sf = 	0.427134	
1.00191	1.00191	0.766228	1	0.943623	0.921396	0.638711	1.09818	
0	
0.863561	0.831569	1.00191	0.872422	1	0.638711	1.09818	
1.00191	1.00191	
Finished entry 500/9999

	rv_sf = 	0.492705	
0.93004	1.00191	0.737329	1	0.897622	0.916432	0.87177	1	
0	
0.942022	0.804537	1.00191	0.829644	1	0.87177	1	
0.93004	1.00191	

	rv_sf = 	0.492705	
0.93004	1.00191	0.737329	1	0.897622	0.916432	0.87177	1	
0	
0.942022	0.804537	1.00191	0.829644	1	0.87177	1	
0.93004	1.00191	

	rv_sf = 	0.407748	
0.93004	0.93004	0.929393	1	0.997795	0.960932	0.528999	0.891652	
0	
0.942022	0.848615	0.93004	0.955653	1	0.528999	0.891652	
0.93004	0.93004	

	rv_sf = 	0.407748	
0.93004	0.93004	0.929393	1	0.997795	0.960932	0.528999	0.891652	
0	
0.942022	0.848615	0.93004	0.955653	1	0.528999	0.891652	
0.93004	0.93004	

	rv_sf = 	0.563745	
0.875207	0.875207	0.73166	1	0.964954	0.895942	1.15411	1.20758	
1	
0.824552	0.857949	0.875207	0.788942	1	1.15411	1.20758	
0.875207	0.875207	

	rv_sf = 	0.34705	
1.00191	0.93004	0.823093	1	0.98243	0.939016	0.490499	0.996057	
0	
0.863561	0.713893	0.93004	0.915807	1	0.490499	0.996057	
1.00191	0.93004	

	rv_sf = 	0.34705	
1.00191	0.93004	0.823093	1	0.98243	0.939016	0.490499	0.996057	
0	
0.863561	0.713893	0.93004	0.915807	1	0.490499	0.996057	
1.00191	0.93004	
Finished entry 1000/9999

	rv_sf = 	0.304798	
0.768988	0.93004	1.09723	1	1.03933	0.897631	0.650124	0.996057	
1	
0.705773	0.796518	0.93004	0.896714	1	0.650124	0.996057	
0.875207	0.93004	

	rv_sf = 	0.314096	
1.00191	1.00191	0.776441	1	0.957983	0.935779	0.449536	1	
0	
0.863561	0.808443	1.00191	0.882577	1	0.449536	1	
1.00191	1.00191	

	rv_sf = 	0.314096	
1.00191	1.00191	0.776441	1	0.957983	0.935779	0.449536	1	
0	
0.863561	0.808443	1.00191	0.882577	1	0.449536	1	
1.00191	1.00191	

	rv_sf = 	0.815471	
1.00191	0.93004	0.862058	1	0.953688	1.01616	1.04754	1	
0	
0.863561	0.803965	0.93004	0.944492	1	1.04754	1	
1.00191	0.93004	

	rv_sf = 	0.815471	
1.00191	0.93004	0.862058	1	0.953688	1.01616	1.04754	1	
0	
0.863561	0.803965	0.93004	0.944492	1	1.04754	1	
1.00191	0.93004	

	rv_sf = 	0.492509	
0.93004	1.00191	0.809837	1	0.890861	0.956216	0.710329	1.18268	
1	
0.942022	0.807334	1.00191	0.909938	1	0.710329	1.18268	
0.93004	1.00191	

	rv_sf = 	0.239628	
0.768988	0.93004	0.93248	1	0.968806	0.92014	0.489498	0.891652	
1	
0.705773	0.846566	0.93004	0.880964	1	0.489498	0.891652	
0.875207	0.93004	
Finished entry 1500/9999
Finished entry 2000/9999

	rv_sf = 	0.544084	
0.875207	1	0.79895	1.11	0.972874	0.951133	0.757556	0.996057	
0	
0.824552	0.787831	1	0.891785	1.11	0.757556	0.996057	
0.875207	1.00191	

	rv_sf = 	0.544084	
0.875207	1	0.79895	1.11	0.972874	0.951133	0.757556	0.996057	
0	
0.824552	0.787831	1	0.891785	1.11	0.757556	0.996057	
0.875207	1.00191	

	rv_sf = 	0.728659	
0.93004	1.00191	0.836082	1	1.02356	0.92863	0.983988	1	
0	
0.942022	0.844326	1.00191	0.878902	1	0.983988	1	
0.93004	1.00191	

	rv_sf = 	0.728659	
0.93004	1.00191	0.836082	1	1.02356	0.92863	0.983988	1	
0	
0.942022	0.844326	1.00191	0.878902	1	0.983988	1	
0.93004	1.00191	

	rv_sf = 	1.12804	
1	1	0.745714	1.1433	0.953704	0.923593	1.41602	1.20758	
1	
1	0.824432	1	0.845168	1.1433	1.41602	1.20758	
1.00191	1.00191	

	rv_sf = 	0.4059	
0.768988	0.875207	1.28262	1	1.03878	0.97936	0.462192	0.891652	
0	
0.705773	0.796518	0.875207	1.04836	1	0.462192	0.891652	
0.875207	0.875207	

	rv_sf = 	0.4059	
0.768988	0.875207	1.28262	1	1.03878	0.97936	0.462192	0.891652	
0	
0.705773	0.796518	0.875207	1.04836	1	0.462192	0.891652	
0.875207	0.875207	

	rv_sf = 	0.819849	
0.768988	0.875207	1.10004	1	1.03933	0.974444	1.09342	0.996057	
0	
0.705773	0.796518	0.875207	0.89901	1	1.09342	0.996057	
0.875207	0.875207	

	rv_sf = 	0.819849	
0.768988	0.875207	1.10004	1	1.03933	0.974444	1.09342	0.996057	
0	
0.705773	0.796518	0.875207	0.89901	1	1.09342	0.996057	
0.875207	0.875207	

	rv_sf = 	0.689482	
0.93004	0.93004	0.942354	1	1.00479	0.966117	0.871367	1	
0	
0.942022	0.832652	0.93004	0.959001	1	0.871367	1	
0.93004	0.93004	

	rv_sf = 	0.689482	
0.93004	0.93004	0.942354	1	1.00479	0.966117	0.871367	1	
0	
0.942022	0.832652	0.93004	0.959001	1	0.871367	1	
0.93004	0.93004	

	rv_sf = 	0.576176	
0.875207	0.93004	0.97236	1	0.967102	0.918077	0.819906	1	
0	
0.824552	0.956758	0.93004	0.869383	1	0.819906	1	
0.875207	0.93004	

	rv_sf = 	0.576176	
0.875207	0.93004	0.97236	1	0.967102	0.918077	0.819906	1	
0	
0.824552	0.956758	0.93004	0.869383	1	0.819906	1	
0.875207	0.93004	
Finished entry 2500/9999

	rv_sf = 	0.660579	
1.00191	1.00191	0.828393	1	0.955504	0.955497	0.8701	1.20758	
0	
0.863561	0.857424	1.00191	0.904703	1	0.8701	1.20758	
1.00191	1.00191	

	rv_sf = 	0.660579	
1.00191	1.00191	0.828393	1	0.955504	0.955497	0.8701	1.20758	
0	
0.863561	0.857424	1.00191	0.904703	1	0.8701	1.20758	
1.00191	1.00191	

	rv_sf = 	0.382834	
0.93004	1.00191	0.880267	1	0.999834	0.965751	0.483363	0.891652	
0	
0.942022	0.841378	1.00191	0.900993	1	0.483363	0.891652	
0.93004	1.00191	

	rv_sf = 	0.382834	
0.93004	1.00191	0.880267	1	0.999834	0.965751	0.483363	0.891652	
0	
0.942022	0.841378	1.00191	0.900993	1	0.483363	0.891652	
0.93004	1.00191	

	rv_sf = 	0.47306	
1.00191	1.00191	0.779684	1	0.958638	0.961845	0.655512	0.891652	
0	
0.863561	0.807554	1.00191	0.885128	1	0.655512	0.891652	
1.00191	1.00191	

	rv_sf = 	0.47306	
1.00191	1.00191	0.779684	1	0.958638	0.961845	0.655512	0.891652	
0	
0.863561	0.807554	1.00191	0.885128	1	0.655512	0.891652	
1.00191	1.00191	
Finished entry 3000/9999

	rv_sf = 	0.345447	
0.93004	0.93004	0.871014	1	1.01833	0.891076	0.505298	0.891652	
0	
0.942022	0.837749	0.93004	0.889457	1	0.505298	0.891652	
0.93004	0.93004	

	rv_sf = 	0.345447	
0.93004	0.93004	0.871014	1	1.01833	0.891076	0.505298	0.891652	
0	
0.942022	0.837749	0.93004	0.889457	1	0.505298	0.891652	
0.93004	0.93004	

	rv_sf = 	0.752217	
0.93004	0.93004	0.839975	1	0.97058	0.919489	1.15997	1.17219	
1	
0.942022	0.846229	0.93004	0.874673	1	1.15997	1.17219	
0.93004	0.93004	

	rv_sf = 	0.452792	
1.00191	1.00191	0.775751	1	0.962918	0.923264	0.654039	0.996057	
0	
0.863561	0.807717	1.00191	0.875295	1	0.654039	0.996057	
1.00191	1.00191	

	rv_sf = 	0.452792	
1.00191	1.00191	0.775751	1	0.962918	0.923264	0.654039	0.996057	
0	
0.863561	0.807717	1.00191	0.875295	1	0.654039	0.996057	
1.00191	1.00191	

	rv_sf = 	0.789085	
0.875207	0.768988	1.36855	1	0.967102	1.03933	0.852331	1	
0	
0.824552	0.956758	0.768988	1.22361	1	0.852331	1	
0.875207	0.875207	

	rv_sf = 	0.789085	
0.875207	0.768988	1.36855	1	0.967102	1.03933	0.852331	1	
0	
0.824552	0.956758	0.768988	1.22361	1	0.852331	1	
0.875207	0.875207	
Finished entry 3500/9999

	rv_sf = 	0.394452	
0.875207	0.93004	0.989438	1	0.966321	0.925404	0.547697	0.996057	
0	
0.824552	0.956758	0.93004	0.885942	1	0.547697	0.996057	
0.875207	0.93004	

	rv_sf = 	0.394452	
0.875207	0.93004	0.989438	1	0.966321	0.925404	0.547697	0.996057	
0	
0.824552	0.956758	0.93004	0.885942	1	0.547697	0.996057	
0.875207	0.93004	

	rv_sf = 	0.830623	
1	1	0.796524	1.11	0.953688	0.927069	1.06259	1.17219	
0	
1	0.803965	1	0.872691	1.11	1.06259	1.17219	
1.00191	1.00191	

	rv_sf = 	0.830623	
1	1	0.796524	1.11	0.953688	0.927069	1.06259	1.17219	
0	
1	0.803965	1	0.872691	1.11	1.06259	1.17219	
1.00191	1.00191	

	rv_sf = 	0.86249	
0.875207	0.93004	1.09552	1	0.967102	1.02214	0.978452	1	
0	
0.824552	0.956758	0.93004	0.979496	1	0.978452	1	
0.875207	0.93004	

	rv_sf = 	0.86249	
0.875207	0.93004	1.09552	1	0.967102	1.02214	0.978452	1	
0	
0.824552	0.956758	0.93004	0.979496	1	0.978452	1	
0.875207	0.93004	

	rv_sf = 	0.312235	
0.93004	0.93004	0.821331	1	1.01328	0.918794	0.472079	0.891652	
0	
0.942022	0.842157	0.93004	0.871733	1	0.472079	0.891652	
0.93004	0.93004	

	rv_sf = 	0.312235	
0.93004	0.93004	0.821331	1	1.01328	0.918794	0.472079	0.891652	
0	
0.942022	0.842157	0.93004	0.871733	1	0.472079	0.891652	
0.93004	0.93004	

	rv_sf = 	0.526072	
1.00191	1.00191	0.831261	1	0.953688	0.953688	0.693166	0.996057	
0	
0.863561	0.803965	1.00191	0.91171	1	0.693166	0.996057	
1.00191	1.00191	

	rv_sf = 	0.526072	
1.00191	1.00191	0.831261	1	0.953688	0.953688	0.693166	0.996057	
0	
0.863561	0.803965	1.00191	0.91171	1	0.693166	0.996057	
1.00191	1.00191	
Finished entry 4000/9999

	rv_sf = 	0.430977	
0.875207	1.00191	0.972406	1	0.963076	0.921402	0.569582	0.891652	
0	
0.824552	0.957139	1.00191	0.873162	1	0.569582	0.891652	
0.875207	1.00191	

	rv_sf = 	0.430977	
0.875207	1.00191	0.972406	1	0.963076	0.921402	0.569582	0.891652	
0	
0.824552	0.957139	1.00191	0.873162	1	0.569582	0.891652	
0.875207	1.00191	

	rv_sf = 	0.396209	
1.00191	0.93004	0.838587	1	0.955349	0.968752	0.547863	0.996057	
0	
0.863561	0.808502	0.93004	0.959815	1	0.547863	0.996057	
1.00191	0.93004	

	rv_sf = 	0.396209	
1.00191	0.93004	0.838587	1	0.955349	0.968752	0.547863	0.996057	
0	
0.863561	0.808502	0.93004	0.959815	1	0.547863	0.996057	
1.00191	0.93004	
Finished entry 4500/9999

	rv_sf = 	0.490025	
0.768988	0.93004	0.965402	1	1.03013	0.919489	1.00927	1.17992	
1	
0.705773	0.845661	0.93004	0.874673	1	1.00927	1.17992	
0.875207	0.93004	

	rv_sf = 	0.399036	
0.93004	0.93004	0.924782	1	1.01552	1.0181	0.482492	1	
0	
0.942022	0.842558	0.93004	0.979668	1	0.482492	1	
0.93004	0.93004	

	rv_sf = 	0.399036	
0.93004	0.93004	0.924782	1	1.01552	1.0181	0.482492	1	
0	
0.942022	0.842558	0.93004	0.979668	1	0.482492	1	
0.93004	0.93004	

	rv_sf = 	0.497811	
0.93004	0.93004	0.829056	1	1.02797	0.917286	0.736194	1	
0	
0.942022	0.845283	0.93004	0.867383	1	0.736194	1	
0.93004	0.93004	

	rv_sf = 	0.497811	
0.93004	0.93004	0.829056	1	1.02797	0.917286	0.736194	1	
0	
0.942022	0.845283	0.93004	0.867383	1	0.736194	1	
0.93004	0.93004	

	rv_sf = 	0.356789	
0.93004	1.00191	0.867283	1	1.02524	0.962411	0.505887	0.891652	
1	
0.942022	0.843657	1.00191	0.88573	1	0.505887	0.891652	
0.93004	1.00191	

	rv_sf = 	0.752411	
0.93004	0.93004	0.948315	1	1.01509	0.985534	0.916902	1.09818	
0	
0.942022	0.831964	0.93004	0.96609	1	0.916902	1.09818	
0.93004	0.93004	

	rv_sf = 	0.752411	
0.93004	0.93004	0.948315	1	1.01509	0.985534	0.916902	1.09818	
0	
0.942022	0.831964	0.93004	0.96609	1	0.916902	1.09818	
0.93004	0.93004	

	rv_sf = 	0.513169	
0.93004	1.00191	0.88048	1	1.03489	0.955518	0.632524	0.996057	
0	
0.942022	0.846849	1.00191	0.90194	1	0.632524	0.996057	
0.93004	1.00191	

	rv_sf = 	0.513169	
0.93004	1.00191	0.88048	1	1.03489	0.955518	0.632524	0.996057	
0	
0.942022	0.846849	1.00191	0.90194	1	0.632524	0.996057	
0.93004	1.00191	

	rv_sf = 	0.512579	
0.93004	0.93004	0.863471	1	0.981583	0.898335	0.762198	1.09818	
1	
0.942022	0.857426	0.93004	0.895228	1	0.762198	1.09818	
0.93004	0.93004	

	rv_sf = 	0.388971	
1.00191	0.875207	0.832337	1	0.959848	0.99249	0.559435	1	
0	
0.863561	0.81797	0.875207	0.940427	1	0.559435	1	
1.00191	0.875207	

	rv_sf = 	0.388971	
1.00191	0.875207	0.832337	1	0.959848	0.99249	0.559435	1	
0	
0.863561	0.81797	0.875207	0.940427	1	0.559435	1	
1.00191	0.875207	

	rv_sf = 	0.31958	
0.768988	1.00191	1.09181	1	1.04366	0.959848	0.621507	1	
1	
0.705773	0.82161	1.00191	0.885063	1	0.621507	1	
0.875207	1.00191	
Finished entry 5000/9999

	rv_sf = 	0.387789	
1	1	0.798993	1.2321	0.956216	0.943346	0.412837	0.851193	
1	
1	0.868238	1	0.878074	1.2321	0.412837	0.851193	
1.00191	1.00191	

	rv_sf = 	0.791007	
0.93004	0.875207	1.04915	1	1.01328	0.962531	0.949698	1	
0	
0.942022	0.842157	0.875207	1.11354	1	0.949698	1	
0.93004	0.875207	

	rv_sf = 	0.791007	
0.93004	0.875207	1.04915	1	1.01328	0.962531	0.949698	1	
0	
0.942022	0.842157	0.875207	1.11354	1	0.949698	1	
0.93004	0.875207	

	rv_sf = 	0.657152	
0.93004	1	0.879269	1.11	0.999951	0.98292	0.736585	1.09818	
0	
0.942022	0.840326	1	0.899298	1.11	0.736585	1.09818	
0.93004	1.00191	

	rv_sf = 	0.657152	
0.93004	1	0.879269	1.11	0.999951	0.98292	0.736585	1.09818	
0	
0.942022	0.840326	1	0.899298	1.11	0.736585	1.09818	
0.93004	1.00191	

	rv_sf = 	0.701594	
0.93004	0.93004	0.924936	1	1.01328	1.01484	0.852793	1	
0	
0.942022	0.842157	0.93004	0.981696	1	0.852793	1	
0.93004	0.93004	

	rv_sf = 	0.701594	
0.93004	0.93004	0.924936	1	1.01328	1.01484	0.852793	1	
0	
0.942022	0.842157	0.93004	0.981696	1	0.852793	1	
0.93004	0.93004	

	rv_sf = 	0.414566	
0.93004	0.875207	0.725841	1	0.917821	0.916673	0.834001	0.996057	
0	
0.942022	0.766132	0.875207	0.835594	1	0.834001	0.996057	
0.93004	0.875207	

	rv_sf = 	0.414566	
0.93004	0.875207	0.725841	1	0.917821	0.916673	0.834001	0.996057	
0	
0.942022	0.766132	0.875207	0.835594	1	0.834001	0.996057	
0.93004	0.875207	

	rv_sf = 	0.429525	
1.00191	0.93004	0.803388	1	0.953688	0.92013	0.653849	0.891652	
0	
0.863561	0.803965	0.93004	0.880212	1	0.653849	0.891652	
1.00191	0.93004	

	rv_sf = 	0.429525	
1.00191	0.93004	0.803388	1	0.953688	0.92013	0.653849	0.891652	
0	
0.863561	0.803965	0.93004	0.880212	1	0.653849	0.891652	
1.00191	0.93004	
Finished entry 5500/9999

	rv_sf = 	0.387268	
0.875207	0.93004	1.09475	1	0.960149	1.00365	0.450984	0.891652	
0	
0.824552	0.957291	0.93004	0.98232	1	0.450984	0.891652	
0.875207	0.93004	

	rv_sf = 	0.387268	
0.875207	0.93004	1.09475	1	0.960149	1.00365	0.450984	0.891652	
0	
0.824552	0.957291	0.93004	0.98232	1	0.450984	0.891652	
0.875207	0.93004	

	rv_sf = 	0.284752	
0.93004	0.875207	0.693108	1	0.891088	0.889157	0.637021	0.996057	
0	
0.942022	0.806662	0.875207	0.775851	1	0.637021	0.996057	
0.93004	0.875207	

	rv_sf = 	0.284752	
0.93004	0.875207	0.693108	1	0.891088	0.889157	0.637021	0.996057	
0	
0.942022	0.806662	0.875207	0.775851	1	0.637021	0.996057	
0.93004	0.875207	

	rv_sf = 	0.526878	
0.93004	0.93004	0.848284	1	0.975112	0.923553	0.79735	0.996057	
0	
0.942022	0.852641	0.93004	0.881791	1	0.79735	0.996057	
0.93004	0.93004	

	rv_sf = 	0.526878	
0.93004	0.93004	0.848284	1	0.975112	0.923553	0.79735	0.996057	
0	
0.942022	0.852641	0.93004	0.881791	1	0.79735	0.996057	
0.93004	0.93004	

	rv_sf = 	0.84277	
0.93004	0.93004	0.859753	1	1.0373	0.919967	1.18755	1	
0	
0.942022	0.847386	0.93004	0.884169	1	1.18755	1	
0.93004	0.93004	

	rv_sf = 	0.84277	
0.93004	0.93004	0.859753	1	1.0373	0.919967	1.18755	1	
0	
0.942022	0.847386	0.93004	0.884169	1	1.18755	1	
0.93004	0.93004	
Finished entry 6000/9999

	rv_sf = 	0.609541	
0.875207	0.93004	0.915959	1	0.973638	0.958383	0.942934	1	
1	
0.824552	0.88476	0.93004	0.952745	1	0.942934	1	
0.875207	0.93004	

	rv_sf = 	0.334354	
1.00191	0.875207	0.784197	1	0.951219	0.931859	0.548543	1.02898	
0	
0.863561	0.810347	0.875207	0.863806	1	0.548543	1.02898	
1.00191	0.875207	

	rv_sf = 	0.334354	
1.00191	0.875207	0.784197	1	0.951219	0.931859	0.548543	1.02898	
0	
0.863561	0.810347	0.875207	0.863806	1	0.548543	1.02898	
1.00191	0.875207	

	rv_sf = 	0.529549	
1.00191	1.00191	0.808391	1	0.949461	0.987004	0.862247	1.17219	
1	
0.863561	0.779692	1.00191	0.910395	1	0.862247	1.17219	
1.00191	1.00191	

	rv_sf = 	0.598699	
1.00191	1.00191	0.824251	1	0.953688	0.953688	0.953079	0.996057	
1	
0.863561	0.803965	1.00191	0.90307	1	0.953079	0.996057	
1.00191	1.00191	

	rv_sf = 	0.743434	
1	1	0.797003	1.03	0.919844	0.954508	1.03146	0.851193	
0	
1	0.786421	1	0.900598	1.03	1.03146	0.851193	
0.93004	1.00191	

	rv_sf = 	0.743434	
1	1	0.797003	1.03	0.919844	0.954508	1.03146	0.851193	
0	
1	0.786421	1	0.900598	1.03	1.03146	0.851193	
0.93004	1.00191	
Finished entry 6500/9999

	rv_sf = 	0.356869	
0.93004	0.93004	0.857481	1	0.963256	0.891905	0.560042	0.996057	
0	
0.942022	0.823825	0.93004	0.895477	1	0.560042	0.996057	
0.93004	0.93004	

	rv_sf = 	0.356869	
0.93004	0.93004	0.857481	1	0.963256	0.891905	0.560042	0.996057	
0	
0.942022	0.823825	0.93004	0.895477	1	0.560042	0.996057	
0.93004	0.93004	

	rv_sf = 	0.70066	
0.93004	0.93004	0.818138	1	1.02264	0.895468	1.0812	1	
0	
0.942022	0.844128	0.93004	0.860842	1	1.0812	1	
0.93004	0.93004	

	rv_sf = 	0.70066	
0.93004	0.93004	0.818138	1	1.02264	0.895468	1.0812	1	
0	
0.942022	0.844128	0.93004	0.860842	1	1.0812	1	
0.93004	0.93004	

	rv_sf = 	0.282469	
0.93004	0.768988	0.665585	1	0.943462	0.873388	0.691755	1.17219	
1	
0.942022	0.78361	0.768988	0.719346	1	0.691755	1.17219	
0.93004	0.875207	
Finished entry 7000/9999

	rv_sf = 	0.738898	
0.875207	1.00191	1.02083	1	0.967102	0.953688	0.894976	1	
0	
0.824552	0.956758	1.00191	0.912721	1	0.894976	1	
0.875207	1.00191	

	rv_sf = 	0.738898	
0.875207	1.00191	1.02083	1	0.967102	0.953688	0.894976	1	
0	
0.824552	0.956758	1.00191	0.912721	1	0.894976	1	
0.875207	1.00191	

	rv_sf = 	0.428349	
1.00191	0.875207	0.813906	1	0.953688	0.96452	0.652479	0.891652	
0	
0.863561	0.805832	0.875207	0.925913	1	0.652479	0.891652	
1.00191	0.875207	

	rv_sf = 	0.428349	
1.00191	0.875207	0.813906	1	0.953688	0.96452	0.652479	0.891652	
0	
0.863561	0.805832	0.875207	0.925913	1	0.652479	0.891652	
1.00191	0.875207	

	rv_sf = 	0.374813	
1.00191	0.93004	0.782657	1	0.921311	0.892625	0.624937	0.996057	
0	
0.863561	0.835162	0.93004	0.896769	1	0.624937	0.996057	
1.00191	0.93004	

	rv_sf = 	0.374813	
1.00191	0.93004	0.782657	1	0.921311	0.892625	0.624937	0.996057	
0	
0.863561	0.835162	0.93004	0.896769	1	0.624937	0.996057	
1.00191	0.93004	

	rv_sf = 	0.551969	
0.768988	0.875207	0.978094	1	1.02156	0.950652	0.863413	1.17219	
0	
0.705773	0.844774	0.875207	0.887022	1	0.863413	1.17219	
0.875207	0.875207	

	rv_sf = 	0.551969	
0.768988	0.875207	0.978094	1	1.02156	0.950652	0.863413	1.17219	
0	
0.705773	0.844774	0.875207	0.887022	1	0.863413	1.17219	
0.875207	0.875207	

	rv_sf = 	0.393927	
0.875207	0.93004	1.05378	1	0.967102	1.01328	0.468654	1	
0	
0.824552	0.956758	0.93004	0.942181	1	0.468654	1	
0.875207	0.93004	

	rv_sf = 	0.393927	
0.875207	0.93004	1.05378	1	0.967102	1.01328	0.468654	1	
0	
0.824552	0.956758	0.93004	0.942181	1	0.468654	1	
0.875207	0.93004	

	rv_sf = 	0.555848	
0.93004	0.875207	0.848897	1	1.02913	0.956052	0.817594	1	
0	
0.942022	0.845369	0.875207	0.867822	1	0.817594	1	
0.93004	0.875207	

	rv_sf = 	0.555848	
0.93004	0.875207	0.848897	1	1.02913	0.956052	0.817594	1	
0	
0.942022	0.845369	0.875207	0.867822	1	0.817594	1	
0.93004	0.875207	
Finished entry 7500/9999

	rv_sf = 	0.0985914	
0.93004	0.875207	1.05161	1	1.01328	0.960913	0.118293	1	
0	
0.942022	0.842157	0.875207	1.11615	1	0.118293	1	
0.93004	0.875207	

	rv_sf = 	0.0985914	
0.93004	0.875207	1.05161	1	1.01328	0.960913	0.118293	1	
0	
0.942022	0.842157	0.875207	1.11615	1	0.118293	1	
0.93004	0.875207	

	rv_sf = 	0.41304	
0.93004	1.00191	0.840566	1	0.941989	0.985551	0.568022	0.996057	
0	
0.942022	0.781607	1.00191	0.911524	1	0.568022	0.996057	
0.93004	1.00191	

	rv_sf = 	0.41304	
0.93004	1.00191	0.840566	1	0.941989	0.985551	0.568022	0.996057	
0	
0.942022	0.781607	1.00191	0.911524	1	0.568022	0.996057	
0.93004	1.00191	

	rv_sf = 	0.409731	
1.00191	0.875207	0.791423	1	0.953688	0.953652	0.649165	0.891652	
0	
0.863561	0.803965	0.875207	0.867102	1	0.649165	0.891652	
1.00191	0.875207	

	rv_sf = 	0.409731	
1.00191	0.875207	0.791423	1	0.953688	0.953652	0.649165	0.891652	
0	
0.863561	0.803965	0.875207	0.867102	1	0.649165	0.891652	
1.00191	0.875207	

	rv_sf = 	1.00122	
0.93004	0.93004	0.923932	1	1.01491	1.01776	1.21287	1	
0	
0.942022	0.842447	0.93004	0.979284	1	1.21287	1	
0.93004	0.93004	

	rv_sf = 	1.00122	
0.93004	0.93004	0.923932	1	1.01491	1.01776	1.21287	1	
0	
0.942022	0.842447	0.93004	0.979284	1	1.21287	1	
0.93004	0.93004	

	rv_sf = 	0.425479	
0.93004	0.93004	0.918678	1	1.01612	0.997944	0.528034	0.891652	
0	
0.942022	0.842663	0.93004	0.972708	1	0.528034	0.891652	
0.93004	0.93004	

	rv_sf = 	0.425479	
0.93004	0.93004	0.918678	1	1.01612	0.997944	0.528034	0.891652	
0	
0.942022	0.842663	0.93004	0.972708	1	0.528034	0.891652	
0.93004	0.93004	
Finished entry 8000/9999

	rv_sf = 	0.325455	
1.00191	1.00191	0.780226	1	0.95159	0.930991	0.469049	0.851193	
0	
0.863561	0.816576	1.00191	0.857798	1	0.469049	0.851193	
1.00191	1.00191	

	rv_sf = 	0.325455	
1.00191	1.00191	0.780226	1	0.95159	0.930991	0.469049	0.851193	
0	
0.863561	0.816576	1.00191	0.857798	1	0.469049	0.851193	
1.00191	1.00191	

	rv_sf = 	0.44392	
0.93004	0.768988	1.11596	1	1.01454	1.05088	0.521694	0.891652	
0	
0.942022	0.842381	0.768988	1.18318	1	0.521694	0.891652	
0.93004	0.875207	

	rv_sf = 	0.44392	
0.93004	0.768988	1.11596	1	1.01454	1.05088	0.521694	0.891652	
0	
0.942022	0.842381	0.768988	1.18318	1	0.521694	0.891652	
0.93004	0.875207	

	rv_sf = 	0.586797	
0.93004	0.93004	0.888097	1	1.01328	1.0138	0.743607	1	
0	
0.942022	0.842157	0.93004	0.942596	1	0.743607	1	
0.93004	0.93004	

	rv_sf = 	0.586797	
0.93004	0.93004	0.888097	1	1.01328	1.0138	0.743607	1	
0	
0.942022	0.842157	0.93004	0.942596	1	0.743607	1	
0.93004	0.93004	

	rv_sf = 	0.790379	
0.93004	0.93004	0.958228	1	1.02827	1.01891	1.09007	1.17219	
1	
0.942022	0.845058	0.93004	0.979338	1	1.09007	1.17219	
0.93004	0.93004	

	rv_sf = 	0.52196	
0.93004	1.00191	0.872627	1	1.03582	0.95368	0.649816	0.996057	
0	
0.942022	0.847028	1.00191	0.902888	1	0.649816	0.996057	
0.93004	1.00191	

	rv_sf = 	0.52196	
0.93004	1.00191	0.872627	1	1.03582	0.95368	0.649816	0.996057	
0	
0.942022	0.847028	1.00191	0.902888	1	0.649816	0.996057	
0.93004	1.00191	

	rv_sf = 	0.267114	
0.875207	1.00191	0.801267	1	0.987482	0.932548	0.412837	1.2049	
0	
0.824552	0.829537	1.00191	0.860366	1	0.412837	1.2049	
0.875207	1.00191	

	rv_sf = 	0.267114	
0.875207	1.00191	0.801267	1	0.987482	0.932548	0.412837	1.2049	
0	
0.824552	0.829537	1.00191	0.860366	1	0.412837	1.2049	
0.875207	1.00191	

	rv_sf = 	0.580602	
0.93004	0.93004	0.774347	1	0.918596	0.891076	1.05901	1	
0	
0.942022	0.761087	0.93004	0.889457	1	1.05901	1	
0.93004	0.93004	

	rv_sf = 	0.580602	
0.93004	0.93004	0.774347	1	0.918596	0.891076	1.05901	1	
0	
0.942022	0.761087	0.93004	0.889457	1	1.05901	1	
0.93004	0.93004	

	rv_sf = 	0.680163	
0.875207	0.93004	1.09922	1	0.967102	1.01052	0.943244	1.02898	
1	
0.824552	0.956758	0.93004	0.982804	1	0.943244	1.02898	
0.875207	0.93004	
Finished entry 8500/9999

	rv_sf = 	0.407808	
0.875207	0.93004	1.03531	1	0.962346	0.94492	0.532167	0.996057	
0	
0.824552	0.956274	0.93004	0.928313	1	0.532167	0.996057	
0.875207	0.93004	

	rv_sf = 	0.407808	
0.875207	0.93004	1.03531	1	0.962346	0.94492	0.532167	0.996057	
0	
0.824552	0.956274	0.93004	0.928313	1	0.532167	0.996057	
0.875207	0.93004	

	rv_sf = 	0.43745	
0.93004	1.00191	0.855859	1	1.0283	0.976875	0.546055	0.953902	
0	
0.942022	0.845356	1.00191	0.895085	1	0.546055	0.953902	
0.93004	1.00191	

	rv_sf = 	0.43745	
0.93004	1.00191	0.855859	1	1.0283	0.976875	0.546055	0.953902	
0	
0.942022	0.845356	1.00191	0.895085	1	0.546055	0.953902	
0.93004	1.00191	

	rv_sf = 	0.526917	
0.93004	1.00191	0.873717	1	0.968071	0.951846	0.702372	1.09818	
0	
0.942022	0.839947	1.00191	0.910476	1	0.702372	1.09818	
0.93004	1.00191	

	rv_sf = 	0.526917	
0.93004	1.00191	0.873717	1	0.968071	0.951846	0.702372	1.09818	
0	
0.942022	0.839947	1.00191	0.910476	1	0.702372	1.09818	
0.93004	1.00191	

	rv_sf = 	0.601869	
1.00191	0.93004	0.816685	1	0.952772	0.898654	0.923711	1.20758	
0	
0.863561	0.828745	0.93004	0.894377	1	0.923711	1.20758	
1.00191	0.93004	

	rv_sf = 	0.601869	
1.00191	0.93004	0.816685	1	0.952772	0.898654	0.923711	1.20758	
0	
0.863561	0.828745	0.93004	0.894377	1	0.923711	1.20758	
1.00191	0.93004	

	rv_sf = 	0.443047	
0.875207	0.93004	1.08686	1	0.961957	0.999617	0.618368	0.891652	
1	
0.824552	0.957218	0.93004	0.976052	1	0.618368	0.891652	
0.875207	0.93004	

	rv_sf = 	0.81	
0.93004	0.93004	0.903658	1	1.01328	1.03084	0.992109	1	
0	
0.942022	0.842157	0.93004	0.959112	1	0.992109	1	
0.93004	0.93004	

	rv_sf = 	0.81	
0.93004	0.93004	0.903658	1	1.01328	1.03084	0.992109	1	
0	
0.942022	0.842157	0.93004	0.959112	1	0.992109	1	
0.93004	0.93004	

	rv_sf = 	0.743633	
0.93004	1.00191	0.862953	1	1.01328	0.954277	0.956398	1	
0	
0.942022	0.842157	1.00191	0.91591	1	0.956398	1	
0.93004	1.00191	

	rv_sf = 	0.743633	
0.93004	1.00191	0.862953	1	1.01328	0.954277	0.956398	1	
0	
0.942022	0.842157	1.00191	0.91591	1	0.956398	1	
0.93004	1.00191	
Finished entry 9000/9999

	rv_sf = 	0.364661	
1.00191	0.93004	0.896753	1	0.953688	1.00755	0.454164	0.891652	
0	
0.863561	0.803965	0.93004	0.983013	1	0.454164	0.891652	
1.00191	0.93004	

	rv_sf = 	0.364661	
1.00191	0.93004	0.896753	1	0.953688	1.00755	0.454164	0.891652	
0	
0.863561	0.803965	0.93004	0.983013	1	0.454164	0.891652	
1.00191	0.93004	

	rv_sf = 	0.700746	
1.00191	1.00191	0.784372	1	0.952081	0.950031	0.983942	1	
0	
0.863561	0.825713	1.00191	0.889673	1	0.983942	1	
1.00191	1.00191	

	rv_sf = 	0.700746	
1.00191	1.00191	0.784372	1	0.952081	0.950031	0.983942	1	
0	
0.863561	0.825713	1.00191	0.889673	1	0.983942	1	
1.00191	1.00191	

	rv_sf = 	0.595411	
0.768988	0.93004	1.16127	1	1.05164	0.975112	0.699107	0.996057	
0	
0.705773	0.848184	0.93004	0.962001	1	0.699107	0.996057	
0.875207	0.93004	

	rv_sf = 	0.595411	
0.768988	0.93004	1.16127	1	1.05164	0.975112	0.699107	0.996057	
0	
0.705773	0.848184	0.93004	0.962001	1	0.699107	0.996057	
0.875207	0.93004	

	rv_sf = 	0.313908	
0.93004	0.93004	0.876663	1	0.999408	0.894738	0.462943	0.996057	
0	
0.942022	0.843683	0.93004	0.898785	1	0.462943	0.996057	
0.93004	0.93004	

	rv_sf = 	0.313908	
0.93004	0.93004	0.876663	1	0.999408	0.894738	0.462943	0.996057	
0	
0.942022	0.843683	0.93004	0.898785	1	0.462943	0.996057	
0.93004	0.93004	

	rv_sf = 	0.469531	
0.93004	0.93004	0.880254	1	1.01307	0.892251	0.68222	0.996057	
0	
0.942022	0.83207	0.93004	0.896142	1	0.68222	0.996057	
0.93004	0.93004	

	rv_sf = 	0.469531	
0.93004	0.93004	0.880254	1	1.01307	0.892251	0.68222	0.996057	
0	
0.942022	0.83207	0.93004	0.896142	1	0.68222	0.996057	
0.93004	0.93004	
Finished entry 9500/9999

	rv_sf = 	0.43907	
1.00191	1.00191	0.801398	1	0.953748	0.941859	0.692054	1.09818	
1	
0.863561	0.837454	1.00191	0.875611	1	0.692054	1.09818	
1.00191	1.00191	

	rv_sf = 	0.524664	
0.875207	0.93004	0.804164	1	0.974947	0.898946	0.969505	1.17992	
1	
0.824552	0.789836	0.93004	0.893459	1	0.969505	1.17992	
0.875207	0.93004	
Finished entry 9999/9999
All events checked.
*******************************************
******************Jithin's original*************************
    Initial entries 10000.000000
   Passing smikking 0.000000
Inspected genWeightd 9998.000000   % change= 0.020000
   METFiltersPassed 9349.922151   % change= 6.482075
    SingleTrgPassed 3329.452703   % change= 64.390584
     GoodMuonPassed 2417.236134   % change= 27.398394
      GoodTauPassed 1192.666742   % change= 50.659899
         opp charge 1151.149354   % change= 3.481055
 PassedThirdLepVeto 708.104377   % change= 38.487185
     PassedBjetVeto 708.104377   % change= 0.000000
       DeltaRPassed 708.058886   % change= 0.006424
      Total change :92.919411
*******************************************
*******************************************
Number of events inspected: 10000
Number of events inspected (minus negative gen. weights): 9998.000000
 Outpt written to DYJetsToLL_00_test.root
Real time 0:00:27, CP time 25.040
ttbar sample analysis.....
All files added.
Initializing chain.
from Init MC
****************** ttbar sample found
.... MC file ..... 
Coming in: 
nentries:24222
Running over 10000 events.
Finished entry 0/9999

	rv_sf = 	0.578436	
1.00191	1	0.791355	1.11	0.953688	0.932918	0.851316	1	
1	
0.863561	0.804405	1	0.881198	1.11	0.851316	1	
1.00191	1.00191	

	rv_sf = 	0.625496	
0.93004	0.93004	0.8826	1	1.00737	0.893439	0.910338	1	
0	
0.942022	0.832397	0.93004	0.897855	1	0.910338	1	
0.93004	0.93004	

	rv_sf = 	0.625496	
0.93004	0.93004	0.8826	1	1.00737	0.893439	0.910338	1	
0	
0.942022	0.832397	0.93004	0.897855	1	0.910338	1	
0.93004	0.93004	

	rv_sf = 	0.382258	
0.768988	0.93004	1.06941	1	1.03514	0.920298	0.834969	1	
1	
0.705773	0.797597	0.93004	0.874453	1	0.834969	1	
0.875207	0.93004	

	rv_sf = 	0.597605	
0.93004	0.875207	0.918074	1	1.03451	0.992491	0.910428	1	
1	
0.942022	0.846761	0.875207	0.940233	1	0.910428	1	
0.93004	0.875207	

	rv_sf = 	0.5299	
1.00191	1.00191	0.82382	1	0.98292	0.954514	0.938803	1	
1	
0.863561	0.712146	1.00191	0.91607	1	0.938803	1	
1.00191	1.00191	

	rv_sf = 	0.514472	
0.93004	0.93004	0.869713	1	1.01682	0.899717	0.795809	1	
1	
0.942022	0.832118	0.93004	0.886758	1	0.795809	1	
0.93004	0.93004	

	rv_sf = 	0.465355	
0.875207	0.93004	0.948939	1	0.977818	0.891076	0.727238	1	
1	
0.824552	0.938129	0.93004	0.889457	1	0.727238	1	
0.875207	0.93004	
Finished entry 500/9999

	rv_sf = 	0.387032	
0.93004	0.768988	1.18479	1	1.01647	1.05162	0.531657	1	
1	
0.942022	0.832047	0.768988	1.20778	1	0.531657	1	
0.93004	0.875207	

	rv_sf = 	0.500194	
0.93004	1.00191	0.873427	1	1.01788	0.951133	0.712105	1	
1	
0.942022	0.834535	1.00191	0.891785	1	0.712105	1	
0.93004	1.00191	

	rv_sf = 	0.407935	
0.875207	0.93004	0.785924	1	0.986792	0.895402	0.721697	1	
0	
0.824552	0.805448	0.93004	0.848992	1	0.721697	1	
0.875207	0.93004	

	rv_sf = 	0.407935	
0.875207	0.93004	0.785924	1	0.986792	0.895402	0.721697	1	
0	
0.824552	0.805448	0.93004	0.848992	1	0.721697	1	
0.875207	0.93004	

	rv_sf = 	0.594757	
1.00191	1	0.840921	1.11	0.956197	0.969101	0.798363	1	
1	
0.863561	0.809642	1	0.95991	1.11	0.798363	1	
1.00191	0.93004	
Finished entry 1000/9999

	rv_sf = 	0.616839	
0.93004	1.00191	0.776104	1	0.891318	0.937247	0.933717	1	
1	
0.942022	0.806342	1.00191	0.868056	1	0.933717	1	
0.93004	1.00191	

	rv_sf = 	0.634739	
0.875207	0.93004	0.975059	1	0.973465	0.918418	0.982516	1	
1	
0.824552	0.948127	0.93004	0.888524	1	0.982516	1	
0.875207	0.93004	

	rv_sf = 	0.458255	
1.00191	0.768988	0.996119	1	0.983584	0.997502	0.901049	1	
1	
0.863561	0.70039	0.768988	1.09347	1	0.901049	1	
1.00191	0.875207	

	rv_sf = 	0.481877	
0.768988	0.93004	1.0613	1	1.03876	0.917307	1.06249	1	
1	
0.705773	0.796518	0.93004	0.867462	1	1.06249	1	
0.875207	0.93004	

	rv_sf = 	0.456309	
1.00191	1.00191	0.795511	1	0.953688	0.961083	0.740301	1	
1	
0.863561	0.804398	1.00191	0.885643	1	0.740301	1	
1.00191	1.00191	

	rv_sf = 	0.43664	
0.875207	0.93004	1.09916	1	0.967102	1.00529	0.605559	1	
1	
0.824552	0.956758	0.93004	0.982754	1	0.605559	1	
0.875207	0.93004	

	rv_sf = 	0.40488	
0.93004	0.93004	0.786051	1	0.919723	0.893023	0.725023	1	
0	
0.942022	0.776168	0.93004	0.897345	1	0.725023	1	
0.93004	0.93004	

	rv_sf = 	0.40488	
0.93004	0.93004	0.786051	1	0.919723	0.893023	0.725023	1	
0	
0.942022	0.776168	0.93004	0.897345	1	0.725023	1	
0.93004	0.93004	

	rv_sf = 	0.317062	
0.875207	0.93004	0.822597	1	0.968363	0.92079	0.544037	1	
1	
0.824552	0.867975	0.93004	0.875566	1	0.544037	1	
0.875207	0.93004	

	rv_sf = 	0.312596	
0.875207	0.93004	0.823096	1	0.984582	0.898774	0.553823	1	
1	
0.824552	0.828066	0.93004	0.88885	1	0.553823	1	
0.875207	0.93004	
Finished entry 1500/9999

	rv_sf = 	0.556538	
1.00191	0.875207	0.850729	1	0.953688	0.987871	0.982655	1	
1	
0.863561	0.803965	0.875207	0.93208	1	0.982655	1	
1.00191	0.875207	

	rv_sf = 	0.35162	
0.93004	0.93004	0.8391	1	1.01328	0.890752	0.535104	1	
1	
0.942022	0.842157	0.93004	0.890593	1	0.535104	1	
0.93004	0.93004	

	rv_sf = 	0.398984	
0.875207	1.00191	1.01256	1	0.960016	0.987232	0.555344	1	
1	
0.824552	0.957291	1.00191	0.908453	1	0.555344	1	
0.875207	1.00191	

	rv_sf = 	0.335276	
0.768988	0.768988	1.22658	1	1.03948	1.02846	0.660256	1	
1	
0.705773	0.847923	0.768988	1.10344	1	0.660256	1	
0.875207	0.875207	

	rv_sf = 	0.706225	
0.875207	0.93004	1.03077	1	0.961352	0.942727	1.04223	1	
1	
0.824552	0.956579	0.93004	0.923717	1	1.04223	1	
0.875207	0.93004	

	rv_sf = 	0.397958	
0.93004	0.93004	0.8391	1	1.01328	0.890752	0.605622	1	
1	
0.942022	0.842157	0.93004	0.890593	1	0.605622	1	
0.93004	0.93004	

	rv_sf = 	0.453502	
1.00191	0.875207	1.00019	1	0.953688	0.972687	0.678081	1	
1	
0.863561	0.803965	0.875207	1.10067	1	0.678081	1	
1.00191	0.875207	

	rv_sf = 	0.617526	
0.93004	0.93004	0.838056	1	0.954977	0.899222	0.994601	1	
1	
0.942022	0.801443	0.93004	0.884242	1	0.994601	1	
0.93004	0.93004	
Finished entry 2000/9999

	rv_sf = 	0.890855	
0.93004	1	0.890648	1.11	0.999862	0.985822	0.982964	1	
0	
0.942022	0.841163	1	0.911478	1.11	0.982964	1	
0.93004	1.00191	

	rv_sf = 	0.890855	
0.93004	1	0.890648	1.11	0.999862	0.985822	0.982964	1	
0	
0.942022	0.841163	1	0.911478	1.11	0.982964	1	
0.93004	1.00191	

	rv_sf = 	0.423921	
0.768988	0.93004	1.06162	1	1.03933	0.917355	0.934541	1	
1	
0.705773	0.796518	0.93004	0.867609	1	0.934541	1	
0.875207	0.93004	

	rv_sf = 	0.392262	
1.00191	1.00191	0.785083	1	0.953688	0.944924	0.635313	1	
1	
0.863561	0.805085	1.00191	0.886391	1	0.635313	1	
1.00191	1.00191	

	rv_sf = 	0.576663	
0.875207	0.875207	0.927437	1	0.977896	0.957777	0.979439	1	
1	
0.824552	0.937939	0.875207	0.869844	1	0.979439	1	
0.875207	0.875207	
Finished entry 2500/9999

	rv_sf = 	0.751163	
0.93004	1	0.833951	1.11	1.01328	0.961845	0.895233	1	
0	
0.942022	0.842157	1	0.885128	1.11	0.895233	1	
0.93004	1.00191	

	rv_sf = 	0.751163	
0.93004	1	0.833951	1.11	1.01328	0.961845	0.895233	1	
0	
0.942022	0.842157	1	0.885128	1.11	0.895233	1	
0.93004	1.00191	

	rv_sf = 	0.598498	
0.93004	0.93004	0.83725	1	1.01328	0.896513	0.91282	1	
1	
0.942022	0.842157	0.93004	0.88863	1	0.91282	1	
0.93004	0.93004	
Finished entry 3000/9999

	rv_sf = 	0.460549	
0.93004	1	0.877618	1.11	0.963897	0.954948	0.55225	1	
0	
0.942022	0.826024	1	0.916128	1.11	0.55225	1	
0.93004	1.00191	

	rv_sf = 	0.460549	
0.93004	1	0.877618	1.11	0.963897	0.954948	0.55225	1	
0	
0.942022	0.826024	1	0.916128	1.11	0.55225	1	
0.93004	1.00191	

	rv_sf = 	0.433561	
0.93004	0.93004	0.852714	1	0.983575	0.920052	0.653027	1	
1	
0.942022	0.857867	0.93004	0.883357	1	0.653027	1	
0.93004	0.93004	

	rv_sf = 	0.66843	
0.875207	0.93004	1.06698	1	0.967429	0.97058	0.950886	1	
1	
0.824552	0.954526	0.93004	0.96033	1	0.950886	1	
0.875207	0.93004	

	rv_sf = 	0.490617	
0.768988	1.00191	1.00443	1	1.03053	0.981873	0.901566	1	
1	
0.705773	0.845724	1.00191	0.909961	1	0.901566	1	
0.875207	1.00191	

	rv_sf = 	0.402783	
1.00191	1.00191	0.81675	1	0.981104	0.981873	0.711909	1	
1	
0.863561	0.718625	1.00191	0.909961	1	0.711909	1	
1.00191	1.00191	

	rv_sf = 	0.450436	
0.875207	0.875207	0.729996	1	0.991508	0.890438	0.981038	1	
1	
0.824552	0.817415	0.875207	0.778351	1	0.981038	1	
0.875207	0.875207	

	rv_sf = 	0.520985	
0.93004	1	0.887706	1.11	1.01328	1.01328	0.627933	1	
1	
0.942022	0.842157	1	0.942181	1.11	0.627933	1	
0.93004	0.93004	

	rv_sf = 	0.565031	
1.00191	1.00191	0.79426	1	0.954368	0.97629	0.893525	1	
1	
0.863561	0.806495	1.00191	0.906238	1	0.893525	1	
1.00191	1.00191	
Finished entry 3500/9999

	rv_sf = 	0.387379	
0.768988	0.93004	1.09585	1	1.03799	0.899718	0.816269	1	
1	
0.705773	0.813101	0.93004	0.889185	1	0.816269	1	
0.875207	0.93004	

	rv_sf = 	0.500345	
0.93004	1.00191	0.848315	1	0.994503	0.922515	0.710254	1	
1	
0.942022	0.853388	1.00191	0.87462	1	0.710254	1	
0.93004	1.00191	

	rv_sf = 	0.435294	
0.93004	1.00191	0.873724	1	1.03084	0.983584	0.598498	1	
1	
0.942022	0.845913	1.00191	0.910972	1	0.598498	1	
0.93004	1.00191	

	rv_sf = 	0.467155	
0.93004	0.875207	0.897973	1	1.0318	0.962355	0.728986	1	
1	
0.942022	0.846098	0.875207	0.918648	1	0.728986	1	
0.93004	0.875207	

	rv_sf = 	0.284706	
0.93004	0.875207	0.957871	1	1.014	0.979666	0.367588	1	
0	
0.942022	0.842285	0.875207	1.01604	1	0.367588	1	
0.93004	0.875207	

	rv_sf = 	0.284706	
0.93004	0.875207	0.957871	1	1.014	0.979666	0.367588	1	
0	
0.942022	0.842285	0.875207	1.01604	1	0.367588	1	
0.93004	0.875207	

	rv_sf = 	0.533712	
0.93004	0.875207	0.860737	1	0.991002	0.954606	0.850807	1	
1	
0.942022	0.855911	0.875207	0.888945	1	0.850807	1	
0.93004	0.875207	
Finished entry 4000/9999

	rv_sf = 	0.431101	
0.93004	0.93004	0.91465	1	1.01499	0.99342	0.602523	1	
1	
0.942022	0.842463	0.93004	0.969375	1	0.602523	1	
0.93004	0.93004	

	rv_sf = 	0.512111	
0.768988	0.93004	1.19965	1	1.03217	0.999701	0.991514	1	
1	
0.705773	0.805903	0.93004	0.976374	1	0.991514	1	
0.875207	0.93004	

	rv_sf = 	0.42208	
0.768988	0.93004	1.12601	1	1.03718	0.941248	0.876462	1	
1	
0.705773	0.796953	0.93004	0.920582	1	0.876462	1	
0.875207	0.93004	

	rv_sf = 	0.43112	
1.00191	0.93004	0.770994	1	0.96274	0.918254	0.678806	1	
0	
0.863561	0.811668	0.93004	0.869798	1	0.678806	1	
1.00191	0.93004	

	rv_sf = 	0.43112	
1.00191	0.93004	0.770994	1	0.96274	0.918254	0.678806	1	
0	
0.863561	0.811668	0.93004	0.869798	1	0.678806	1	
1.00191	0.93004	

	rv_sf = 	0.469254	
0.768988	1.00191	0.964509	1	0.975674	0.956024	0.869166	1	
1	
0.705773	0.846695	1.00191	0.901747	1	0.869166	1	
0.875207	1.00191	
Finished entry 4500/9999

	rv_sf = 	0.916731	
0.768988	1.00191	1.10309	1	1.05103	0.951143	1.079	1	
0	
0.705773	0.84308	1.00191	0.90708	1	1.079	1	
0.875207	1.00191	

	rv_sf = 	0.916731	
0.768988	1.00191	1.10309	1	1.05103	0.951143	1.079	1	
0	
0.705773	0.84308	1.00191	0.90708	1	1.079	1	
0.875207	1.00191	

	rv_sf = 	0.430254	
1.00191	0.875207	0.766107	1	0.959412	0.956709	0.812797	1	
1	
0.863561	0.806406	0.875207	0.86853	1	0.812797	1	
1.00191	0.875207	

	rv_sf = 	0.501885	
0.875207	0.93004	0.926409	1	0.978343	0.91894	0.800992	1	
1	
0.824552	0.9367	0.93004	0.87228	1	0.800992	1	
0.875207	0.93004	

	rv_sf = 	0.552692	
0.875207	0.93004	0.999344	1	0.979814	0.986017	0.805642	1	
1	
0.824552	0.925799	0.93004	0.966284	1	0.805642	1	
0.875207	0.93004	

	rv_sf = 	0.799339	
0.875207	0.93004	1.08417	1	0.961154	0.998464	1.11858	1	
1	
0.824552	0.957263	0.93004	0.973445	1	1.11858	1	
0.875207	0.93004	

	rv_sf = 	0.548554	
0.875207	0.93004	1.02302	1	0.965069	0.940505	0.814699	1	
1	
0.824552	0.955406	0.93004	0.918998	1	0.814699	1	
0.875207	0.93004	
Finished entry 5000/9999

	rv_sf = 	0.527715	
1.00191	0.93004	0.786775	1	0.953688	0.929417	0.812085	1	
0	
0.863561	0.805805	0.93004	0.894886	1	0.812085	1	
1.00191	0.93004	

	rv_sf = 	0.527715	
1.00191	0.93004	0.786775	1	0.953688	0.929417	0.812085	1	
0	
0.863561	0.805805	0.93004	0.894886	1	0.812085	1	
1.00191	0.93004	

	rv_sf = 	0.693735	
0.93004	0.93004	0.779658	1	0.908658	0.89712	1.13078	1	
1	
0.942022	0.7993	0.93004	0.876077	1	1.13078	1	
0.93004	0.93004	

	rv_sf = 	0.468702	
1.00191	0.875207	0.820752	1	0.956086	0.991197	0.817331	1	
1	
0.863561	0.809623	0.875207	0.937158	1	0.817331	1	
1.00191	0.875207	

	rv_sf = 	0.651434	
0.875207	0.768988	1.36269	1	0.964164	1.03568	0.877767	1	
1	
0.824552	0.95705	0.768988	1.22298	1	0.877767	1	
0.875207	0.875207	

	rv_sf = 	0.452979	
0.875207	0.93004	1.03488	1	0.964801	0.94492	0.664808	1	
1	
0.824552	0.957124	0.93004	0.928313	1	0.664808	1	
0.875207	0.93004	

	rv_sf = 	0.455995	
0.768988	0.93004	1.17805	1	1.03933	0.977078	0.905895	1	
1	
0.705773	0.796518	0.93004	0.962765	1	0.905895	1	
0.875207	0.93004	

	rv_sf = 	0.548255	
0.875207	0.93004	0.801582	1	0.970786	0.894738	1.01196	1	
1	
0.824552	0.78604	0.93004	0.898785	1	1.01196	1	
0.875207	0.93004	
Finished entry 5500/9999

	rv_sf = 	0.779125	
0.93004	1.00191	0.824855	1	1.01328	0.935884	1.11965	1	
1	
0.942022	0.842157	1.00191	0.875474	1	1.11965	1	
0.93004	1.00191	

	rv_sf = 	0.855946	
0.93004	0.93004	0.928199	1	1.01822	1.00074	1.04626	1	
0	
0.942022	0.843185	0.93004	0.980826	1	1.04626	1	
0.93004	0.93004	

	rv_sf = 	0.855946	
0.93004	0.93004	0.928199	1	1.01822	1.00074	1.04626	1	
0	
0.942022	0.843185	0.93004	0.980826	1	1.04626	1	
0.93004	0.93004	

	rv_sf = 	0.523067	
0.768988	0.875207	1.35179	1	1.03933	0.97134	0.569499	1	
0	
0.705773	0.796518	0.875207	1.10476	1	0.569499	1	
0.875207	0.875207	

	rv_sf = 	0.523067	
0.768988	0.875207	1.35179	1	1.03933	0.97134	0.569499	1	
0	
0.705773	0.796518	0.875207	1.10476	1	0.569499	1	
0.875207	0.875207	

	rv_sf = 	0.744813	
0.93004	0.875207	1.06594	1	1.03494	0.97134	0.965636	1	
1	
0.942022	0.846828	0.875207	1.10476	1	0.965636	1	
0.93004	0.875207	

	rv_sf = 	0.444616	
1.00191	0.93004	0.862575	1	0.962831	0.998218	0.701292	1	
1	
0.863561	0.811229	0.93004	0.973078	1	0.701292	1	
1.00191	0.93004	

	rv_sf = 	0.6349	
0.93004	0.93004	0.890455	1	1.00496	0.934563	0.960489	1	
1	
0.942022	0.832627	0.93004	0.906149	1	0.960489	1	
0.93004	0.93004	

	rv_sf = 	0.572213	
1.00191	1.00191	0.805823	1	0.953688	0.946199	0.931746	1	
1	
0.863561	0.803965	1.00191	0.88288	1	0.931746	1	
1.00191	1.00191	

	rv_sf = 	0.412293	
0.768988	0.93004	1.09077	1	1.03091	0.90988	0.880548	1	
1	
0.705773	0.801463	0.93004	0.890025	1	0.880548	1	
0.875207	0.93004	

	rv_sf = 	0.418213	
0.93004	0.93004	0.856665	1	1.0178	0.91936	0.603166	1	
0	
0.942022	0.832665	0.93004	0.874046	1	0.603166	1	
0.93004	0.93004	

	rv_sf = 	0.418213	
0.93004	0.93004	0.856665	1	1.0178	0.91936	0.603166	1	
0	
0.942022	0.832665	0.93004	0.874046	1	0.603166	1	
0.93004	0.93004	
Finished entry 6000/9999

	rv_sf = 	0.532704	
0.875207	1.00191	0.851779	1	0.992514	0.975527	0.863473	1	
1	
0.824552	0.824502	1.00191	0.90573	1	0.863473	1	
0.875207	1.00191	

	rv_sf = 	0.459234	
0.93004	0.93004	0.821976	1	0.973675	0.895389	0.720483	1	
1	
0.942022	0.85097	0.93004	0.854935	1	0.720483	1	
0.93004	0.93004	

	rv_sf = 	0.32625	
1.00191	0.93004	0.804356	1	0.986026	0.90491	0.649453	1	
1	
0.863561	0.703112	0.93004	0.889576	1	0.649453	1	
1.00191	0.93004	

	rv_sf = 	0.459253	
1.00191	0.93004	0.849108	1	0.958972	0.968752	0.727278	1	
1	
0.863561	0.819161	0.93004	0.959815	1	0.727278	1	
1.00191	0.93004	

	rv_sf = 	0.394179	
0.93004	0.93004	0.768025	1	0.918356	0.920105	0.663127	1	
1	
0.942022	0.768772	0.93004	0.882544	1	0.663127	1	
0.93004	0.93004	
Finished entry 6500/9999

	rv_sf = 	0.617954	
0.93004	0.875207	1.05005	1	1.02226	0.971125	0.803431	1	
1	
0.942022	0.844047	0.875207	1.10527	1	0.803431	1	
0.93004	0.875207	

	rv_sf = 	0.343577	
1	0.93004	0.781411	1	0.984153	0.917291	0.601381	1	
1	
1	0.708223	0.93004	0.867367	1	0.601381	1	
1.00191	0.93004	

	rv_sf = 	0.746934	
0.93004	0.93004	0.958784	1	1.00016	1.0001	0.900415	1	
0	
0.942022	0.837656	0.93004	0.978977	1	0.900415	1	
0.93004	0.93004	

	rv_sf = 	0.746934	
0.93004	0.93004	0.958784	1	1.00016	1.0001	0.900415	1	
0	
0.942022	0.837656	0.93004	0.978977	1	0.900415	1	
0.93004	0.93004	

	rv_sf = 	0.611583	
0.93004	0.93004	0.924922	1	0.979577	0.968409	0.805841	1	
0	
0.942022	0.856411	0.93004	0.959721	1	0.805841	1	
0.93004	0.93004	

	rv_sf = 	0.611583	
0.93004	0.93004	0.924922	1	0.979577	0.968409	0.805841	1	
0	
0.942022	0.856411	0.93004	0.959721	1	0.805841	1	
0.93004	0.93004	

	rv_sf = 	0.416789	
0.93004	0.875207	0.913698	1	1.02181	0.988238	0.644029	1	
1	
0.942022	0.841477	0.875207	0.932818	1	0.644029	1	
0.93004	0.875207	

	rv_sf = 	0.300322	
1.00191	0.875207	1.00161	1	0.953688	0.973465	0.450386	1	
1	
0.863561	0.803965	0.875207	1.09739	1	0.450386	1	
1.00191	0.875207	
Finished entry 7000/9999

	rv_sf = 	0.423921	
0.93004	0.875207	0.812948	1	0.917722	0.989784	0.721808	1	
1	
0.942022	0.761072	0.875207	0.935979	1	0.721808	1	
0.93004	0.875207	

	rv_sf = 	0.351395	
0.93004	0.93004	0.878807	1	1.01328	0.947064	0.510599	1	
1	
0.942022	0.842157	0.93004	0.932737	1	0.510599	1	
0.93004	0.93004	

	rv_sf = 	0.605932	
0.93004	0.93004	0.847253	1	0.959512	0.899767	0.958693	1	
1	
0.942022	0.81241	0.93004	0.887987	1	0.958693	1	
0.93004	0.93004	

	rv_sf = 	0.515242	
0.93004	1.00191	0.870967	1	1.03254	0.962881	0.723802	1	
1	
0.942022	0.846283	1.00191	0.891221	1	0.723802	1	
0.93004	1.00191	

	rv_sf = 	0.469868	
0.768988	0.93004	1.17114	1	1.03933	0.962608	0.938966	1	
1	
0.705773	0.796518	0.93004	0.957114	1	0.938966	1	
0.875207	0.93004	

	rv_sf = 	0.384947	
0.768988	0.93004	0.879078	1	0.960055	0.895455	0.822071	1	
1	
0.705773	0.846048	0.93004	0.843198	1	0.822071	1	
0.875207	0.93004	

	rv_sf = 	0.434796	
0.768988	1.00191	1.05477	1	1.04957	0.967843	0.798747	1	
1	
0.705773	0.853931	1.00191	0.901489	1	0.798747	1	
0.875207	1.00191	

	rv_sf = 	0.547153	
1.00191	0.768988	1.019	1	0.959412	1.04762	0.884445	1	
1	
0.863561	0.806406	0.768988	1.15524	1	0.884445	1	
1.00191	0.875207	

	rv_sf = 	0.445323	
0.93004	0.93004	0.789568	1	0.896513	0.89446	0.71065	1	
1	
0.942022	0.804986	0.93004	0.888523	1	0.71065	1	
0.93004	0.93004	
Finished entry 7500/9999

	rv_sf = 	0.412885	
0.875207	0.93004	0.832603	1	0.95489	0.970984	0.712687	1	
1	
0.824552	0.78656	0.93004	0.960459	1	0.712687	1	
0.875207	0.93004	

	rv_sf = 	0.631836	
0.93004	1	0.797131	1.11	0.977575	0.915904	0.853782	1	
1	
0.942022	0.854971	1	0.827793	1.11	0.853782	1	
0.93004	1.00191	

	rv_sf = 	0.470168	
0.93004	0.93004	0.762574	1	0.922394	0.917291	0.84245	1	
0	
0.942022	0.762564	0.93004	0.867367	1	0.84245	1	
0.93004	0.93004	

	rv_sf = 	0.470168	
0.93004	0.93004	0.762574	1	0.922394	0.917291	0.84245	1	
0	
0.942022	0.762564	0.93004	0.867367	1	0.84245	1	
0.93004	0.93004	

	rv_sf = 	0.537131	
0.768988	0.93004	1.20142	1	1.03846	1.00288	1.04613	1	
1	
0.705773	0.796518	0.93004	0.982047	1	1.04613	1	
0.875207	0.93004	

	rv_sf = 	0.740786	
0.93004	0.93004	0.866005	1	0.981583	0.893439	1.12766	1	
0	
0.942022	0.857426	0.93004	0.897855	1	1.12766	1	
0.93004	0.93004	

	rv_sf = 	0.740786	
0.93004	0.93004	0.866005	1	0.981583	0.893439	1.12766	1	
0	
0.942022	0.857426	0.93004	0.897855	1	1.12766	1	
0.93004	0.93004	

	rv_sf = 	0.367171	
0.768988	0.93004	0.990421	1	1.03653	0.891592	0.738085	1	
1	
0.705773	0.846989	0.93004	0.894783	1	0.738085	1	
0.875207	0.93004	

	rv_sf = 	0.663134	
0.93004	0.93004	0.853633	1	1.019	0.896264	1.03527	1	
1	
0.942022	0.838786	0.93004	0.871632	1	1.03527	1	
0.93004	0.93004	

	rv_sf = 	0.628651	
0.768988	0.93004	1.15394	1	1.03175	0.950465	0.776767	1	
0	
0.705773	0.80516	0.93004	0.939556	1	0.776767	1	
0.875207	0.93004	

	rv_sf = 	0.628651	
0.768988	0.93004	1.15394	1	1.03175	0.950465	0.776767	1	
0	
0.705773	0.80516	0.93004	0.939556	1	0.776767	1	
0.875207	0.93004	

	rv_sf = 	0.826296	
0.875207	0.93004	0.95287	1	0.967102	0.895387	1.23029	1	
0	
0.824552	0.956758	0.93004	0.851957	1	1.23029	1	
0.875207	0.93004	

	rv_sf = 	0.826296	
0.875207	0.93004	0.95287	1	0.967102	0.895387	1.23029	1	
0	
0.824552	0.956758	0.93004	0.851957	1	1.23029	1	
0.875207	0.93004	

	rv_sf = 	0.572331	
0.93004	0.93004	0.814397	1	0.941989	0.924156	0.946376	1	
1	
0.942022	0.781607	0.93004	0.883145	1	0.946376	1	
0.93004	0.93004	

	rv_sf = 	0.479305	
0.93004	0.875207	0.72645	1	1.02682	0.875228	0.927623	1	
1	
0.942022	0.844447	0.875207	0.742157	1	0.927623	1	
0.93004	0.875207	
Finished entry 8000/9999

	rv_sf = 	0.631578	
0.93004	0.93004	0.819508	1	1.01328	0.918254	0.957591	1	
0	
0.942022	0.842157	0.93004	0.869798	1	0.957591	1	
0.93004	0.93004	

	rv_sf = 	0.631578	
0.93004	0.93004	0.819508	1	1.01328	0.918254	0.957591	1	
0	
0.942022	0.842157	0.93004	0.869798	1	0.957591	1	
0.93004	0.93004	

	rv_sf = 	0.455008	
0.93004	1.00191	0.825975	1	1.01328	0.954345	0.652985	1	
1	
0.942022	0.842157	1.00191	0.876663	1	0.652985	1	
0.93004	1.00191	

	rv_sf = 	0.405511	
0.93004	0.93004	0.776792	1	0.917307	0.891905	0.678571	1	
1	
0.942022	0.76171	0.93004	0.895477	1	0.678571	1	
0.93004	0.93004	

	rv_sf = 	0.625811	
0.93004	1.00191	0.848667	1	1.02316	0.953688	0.811012	1	
0	
0.942022	0.84424	1.00191	0.892497	1	0.811012	1	
0.93004	1.00191	

	rv_sf = 	0.625811	
0.93004	1.00191	0.848667	1	1.02316	0.953688	0.811012	1	
0	
0.942022	0.84424	1.00191	0.892497	1	0.811012	1	
0.93004	1.00191	

	rv_sf = 	0.572493	
0.93004	1.00191	0.791736	1	0.920298	0.951453	0.879661	1	
1	
0.942022	0.761589	1.00191	0.905407	1	0.879661	1	
0.93004	1.00191	

	rv_sf = 	0.660607	
0.93004	1.00191	0.883743	1	1.00086	0.984153	0.814422	1	
0	
0.942022	0.834477	1.00191	0.900901	1	0.814422	1	
0.93004	1.00191	

	rv_sf = 	0.660607	
0.93004	1.00191	0.883743	1	1.00086	0.984153	0.814422	1	
0	
0.942022	0.834477	1.00191	0.900901	1	0.814422	1	
0.93004	1.00191	

	rv_sf = 	0.599514	
1.00191	0.875207	0.941226	1	0.957141	0.977178	0.914404	1	
1	
0.863561	0.809306	0.875207	1.07188	1	0.914404	1	
1.00191	0.875207	

	rv_sf = 	0.482433	
0.768988	1	1.09476	1.03	1.03933	0.975979	0.931244	1	
1	
0.705773	0.796518	1	0.894698	1.03	0.931244	1	
0.875207	1.00191	
Finished entry 8500/9999

	rv_sf = 	0.524651	
0.875207	0.875207	0.822098	1	0.969925	0.875228	1.02779	1	
1	
0.824552	0.953106	0.875207	0.742157	1	1.02779	1	
0.875207	0.875207	

	rv_sf = 	0.449569	
0.768988	0.93004	1.03981	1	1.03133	0.895402	1.00799	1	
1	
0.705773	0.800331	0.93004	0.848992	1	1.00799	1	
0.875207	0.93004	

	rv_sf = 	0.342121	
0.768988	0.93004	1.05247	1	1.04967	0.895177	0.678978	1	
1	
0.705773	0.854	0.93004	0.898874	1	0.678978	1	
0.875207	0.93004	

	rv_sf = 	0.556359	
0.875207	0.93004	1.08688	1	0.967102	0.997114	0.652146	1	
0	
0.824552	0.956758	0.93004	0.971773	1	0.652146	1	
0.875207	0.93004	

	rv_sf = 	0.556359	
0.875207	0.93004	1.08688	1	0.967102	0.997114	0.652146	1	
0	
0.824552	0.956758	0.93004	0.971773	1	0.652146	1	
0.875207	0.93004	
Finished entry 9000/9999

	rv_sf = 	0.586003	
0.875207	1.00191	1.00314	1	0.972611	0.986468	0.819483	1	
1	
0.824552	0.949992	1.00191	0.911156	1	0.819483	1	
0.875207	1.00191	

	rv_sf = 	0.509855	
0.875207	0.93004	0.977107	1	0.960619	0.919611	0.793843	1	
1	
0.824552	0.956813	0.93004	0.875316	1	0.793843	1	
0.875207	0.93004	

	rv_sf = 	0.462209	
0.875207	0.875207	0.854041	1	0.965819	0.983418	0.810876	1	
1	
0.824552	0.860473	0.875207	0.917949	1	0.810876	1	
0.875207	0.875207	
Finished entry 9500/9999

	rv_sf = 	0.434989	
0.875207	1.00191	0.820291	1	0.988908	0.943346	0.722549	1	
1	
0.824552	0.829913	1.00191	0.878074	1	0.722549	1	
0.875207	1.00191	

	rv_sf = 	0.656191	
0.93004	1	0.893796	1.11	1.03254	0.955931	0.81079	1	
1	
0.942022	0.846283	1	0.91458	1.11	0.81079	1	
0.93004	1.00191	

	rv_sf = 	0.488877	
0.875207	0.93004	1.09318	1	0.965959	1.01119	0.679226	1	
1	
0.824552	0.955095	0.93004	0.982695	1	0.679226	1	
0.875207	0.93004	

	rv_sf = 	0.573861	
0.93004	0.93004	0.7704	1	0.930823	0.895414	0.99332	1	
1	
0.942022	0.768627	0.93004	0.857905	1	0.99332	1	
0.93004	0.93004	

	rv_sf = 	0.574426	
1.00191	0.93004	0.844588	1	0.961906	0.959512	0.930823	1	
1	
0.863561	0.805316	0.93004	0.954127	1	0.930823	1	
1.00191	0.93004	

	rv_sf = 	0.548267	
0.875207	0.93004	0.794287	1	0.9535	0.939016	0.987005	1	
1	
0.824552	0.79095	0.93004	0.915807	1	0.987005	1	
0.875207	0.93004	

	rv_sf = 	0.431376	
0.93004	0.768988	0.649497	1	0.998218	0.876558	1.06133	1	
0	
0.942022	0.847566	0.768988	0.667466	1	1.06133	1	
0.93004	0.875207	

	rv_sf = 	0.431376	
0.93004	0.768988	0.649497	1	0.998218	0.876558	1.06133	1	
0	
0.942022	0.847566	0.768988	0.667466	1	1.06133	1	
0.93004	0.875207	

	rv_sf = 	0.384119	
0.93004	0.875207	0.902942	1	1.02044	0.981967	0.601411	1	
1	
0.942022	0.840342	0.875207	0.921863	1	0.601411	1	
0.93004	0.875207	
Finished entry 9999/9999
All events checked.
*******************************************
******************Jithin's original*************************
    Initial entries 10000.000000
   Passing smikking 0.000000
Inspected genWeightd 9912.000000   % change= 0.880000
   METFiltersPassed 9544.786910   % change= 3.704733
    SingleTrgPassed 2170.492608   % change= 77.259916
     GoodMuonPassed 1273.469540   % change= 41.328087
      GoodTauPassed 124.670797   % change= 90.210147
         opp charge 99.558240   % change= 20.143095
 PassedThirdLepVeto 59.005256   % change= 40.732925
     PassedBjetVeto 59.005256   % change= 0.000000
       DeltaRPassed 59.005256   % change= 0.000000
      Total change :99.409947
*******************************************
*******************************************
Number of events inspected: 10000
Number of events inspected (minus negative gen. weights): 9912.000000
 Outpt written to TTToSemiLeptonic_TuneCP5_00_test.root
Real time 0:00:22, CP time 19.930
wjets sample analysis.....
All files added.
Initializing chain.
from Init MC
****************** wjet sample found
.... MC file ..... 
Coming in: 
nentries:958
Running over 958 events.
Finished entry 0/957
Finished entry 40/957
Finished entry 80/957
Finished entry 120/957

	rv_sf = 	0.590884	
0.93004	1.00191	0.848456	1	1.02914	0.962934	0.835245	1	
1	
0.942022	0.84554	1.00191	0.886471	1	0.835245	1	
0.93004	1.00191	

	rv_sf = 	0.743276	
0.875207	0.93004	1.07058	1	0.959824	0.967081	1.05548	1	
1	
0.824552	0.957221	0.93004	0.959332	1	1.05548	1	
0.875207	0.93004	
Finished entry 160/957

	rv_sf = 	0.679266	
0.875207	1.00191	1.00079	1	0.967429	0.963742	0.956311	1	
1	
0.824552	0.954526	1.00191	0.900755	1	0.956311	1	
0.875207	1.00191	

	rv_sf = 	0.3067	
0.768988	0.93004	1.04611	1	1.03933	0.895389	0.686148	1	
1	
0.705773	0.796518	0.93004	0.854935	1	0.686148	1	
0.875207	0.93004	
Finished entry 200/957
Finished entry 240/957
Finished entry 280/957
Finished entry 320/957
Finished entry 360/957
Finished entry 400/957
Finished entry 440/957
Finished entry 480/957

	rv_sf = 	0.522545	
0.93004	0.93004	0.887706	1	1.01328	1.01328	0.751681	1	
1	
0.942022	0.842157	0.93004	0.942181	1	0.751681	1	
0.93004	0.93004	
Finished entry 520/957
Finished entry 560/957

	rv_sf = 	0.520356	
1.00191	1	0.79129	1.11	0.953688	0.956001	0.772028	1	
1	
0.863561	0.804162	1	0.874396	1.11	0.772028	1	
1.00191	1.00191	
Finished entry 600/957
Finished entry 640/957

	rv_sf = 	0.68204	
0.93004	0.93004	0.872052	1	1.01793	0.899599	1.04799	1	
1	
0.942022	0.83433	0.93004	0.890336	1	1.04799	1	
0.93004	0.93004	
Finished entry 680/957

	rv_sf = 	0.597372	
1.00191	0.93004	0.868642	1	0.961396	1.00259	0.941026	1	
1	
0.863561	0.804949	0.93004	0.981929	1	0.941026	1	
1.00191	0.93004	
Finished entry 720/957
Finished entry 760/957
Finished entry 800/957
Finished entry 840/957
Finished entry 880/957
Finished entry 920/957

	rv_sf = 	0.684424	
0.875207	1.00191	0.976061	1	0.967102	0.927069	0.992237	1	
1	
0.824552	0.956758	1.00191	0.872691	1	0.992237	1	
0.875207	1.00191	

	rv_sf = 	0.421092	
0.768988	0.93004	1.14477	1	1.03933	0.948456	0.860879	1	
1	
0.705773	0.796518	0.93004	0.935562	1	0.860879	1	
0.875207	0.93004	
Finished entry 957/957
All events checked.
*******************************************
******************Jithin's original*************************
    Initial entries 958.000000
   Passing smikking 0.000000
Inspected genWeightd 958.000000   % change= 0.000000
   METFiltersPassed 899.306987   % change= 6.126619
    SingleTrgPassed 178.715498   % change= 80.127420
     GoodMuonPassed 124.634170   % change= 30.261129
      GoodTauPassed 11.829811   % change= 90.508373
         opp charge 10.961589   % change= 7.339266
 PassedThirdLepVeto 8.232828   % change= 24.893848
     PassedBjetVeto 8.232828   % change= 0.000000
       DeltaRPassed 8.232828   % change= 0.000000
      Total change :99.140623
*******************************************
*******************************************
Number of events inspected: 958
Number of events inspected (minus negative gen. weights): 958.000000
 Outpt written to WJetsToLNu_00_test.root
Real time 0:00:05, CP time 4.610
data sample analysis.....
All files added.
Initializing chain.
from Init DATA
.... DATA file ..... 
Coming in: 
nentries:175137
Running over 10000 events.
Finished entry 0/9999
Finished entry 500/9999
Finished entry 1000/9999
Finished entry 1500/9999
Finished entry 2000/9999
Finished entry 2500/9999
Finished entry 3000/9999
Finished entry 3500/9999
Finished entry 4000/9999
Finished entry 4500/9999
Finished entry 5000/9999
Finished entry 5500/9999
Finished entry 6000/9999
Finished entry 6500/9999
Finished entry 7000/9999
Finished entry 7500/9999
Finished entry 8000/9999
Finished entry 8500/9999
Finished entry 9000/9999
Finished entry 9500/9999
Finished entry 9999/9999
All events checked.
*******************************************
******************Jithin's original*************************
    Initial entries 10000.000000
   Passing smikking 0.000000
Inspected genWeightd 10000.000000   % change= 0.000000
   METFiltersPassed 9983.000000   % change= 0.170000
    SingleTrgPassed 9520.000000   % change= 4.637884
     GoodMuonPassed 2665.000000   % change= 72.006303
      GoodTauPassed 275.000000   % change= 89.681051
         opp charge 177.000000   % change= 35.636364
 PassedThirdLepVeto 174.000000   % change= 1.694915
     PassedBjetVeto 174.000000   % change= 0.000000
       DeltaRPassed 174.000000   % change= 0.000000
      Total change :98.260000
*******************************************
*******************************************
Number of events inspected: 10000
Number of events inspected (minus negative gen. weights): 10000.000000
 Outpt written to Tau_EraE_03_test.root
Real time 0:00:07, CP time 6.830
Runtime = 71
Elapsed: 0hrs 1min 11sec
"echo "Elapsed: $(($runtime / 3600))hrs $((($runtime / 60) % 60))min $(($runtime % 60))sec"" command filed with exit code 0.
